
train.py --schedule=fix --sigma=5.0 --sigma_rate=-0.5 
 
1    12637    12637    
2    6477    12954    
3    4424    13272    
4    3398    13592    
5    2782    13910    
6    2371    14226    
7    2078    14546    
8    1858    14864    
9    1687    15183    
10    1550    15500    
11    1438    15818    
12    1345    16140    
13    1266    16458    
14    1198    16772    
15    1139    17085    
16    1088    17408    
17    1043    17731    
18    1003    18054    
19    967    18373    
20    934    18680    
21    905    19005    
22    878    19316    
23    854    19642    
24    832    19968    
25    811    20275    
26    792    20592    
27    774    20898    
28    758    21224    
29    743    21547    
30    729    21870    
31    716    22196    
32    703    22496    
33    692    22836    
34    681    23154    
35    670    23450    
36    660    23760    
37    651    24087    
38    642    24396    
39    634    24726    
40    626    25040    
41    619    25379    
42    612    25704    
43    605    26015    
44    598    26312    
45    592    26640    
46    586    26956    
47    580    27260    
48    575    27600    
49    570    27930    
50    565    28250    
51    560    28560    
52    555    28860    
53    551    29203    
54    546    29484    
55    542    29810    
56    538    30128    
57    534    30438    
58    531    30798    
59    527    31093    
60    524    31440    
61    520    31720    
62    517    32054    
63    514    32382    
64    511    32704    
65    508    33020    
66    505    33330    
67    502    33634    
68    500    34000    
69    497    34293    
70    494    34580    
71    492    34932    
72    489    35208    
73    487    35551    
74    485    35890    
75    483    36225    
76    480    36480    
77    478    36806    
78    476    37128    
79    474    37446    
80    472    37760    
81    470    38070    
82    469    38458    
83    467    38761    
84    465    39060    
85    463    39355    
86    462    39732    
87    460    40020    
88    458    40304    
89    457    40673    
90    455    40950    
91    454    41314    
92    452    41584    
93    451    41943    
94    449    42206    
95    448    42560    
96    447    42912    
97    445    43165    
98    444    43512    
99    443    43857    
100    442    44200    
101    440    44440    
102    439    44778    
103    438    45114    
104    437    45448    
105    436    45780    
106    435    46110    
107    434    46438    
108    432    46656    
109    431    46979    
110    430    47300    
111    429    47619    
112    428    47936    
113    427    48251    
114    426    48564    
115    426    48990    
116    425    49300    
117    424    49608    
118    423    49914    
119    422    50218    
120    421    50520    
121    420    50820    
122    419    51118    
123    419    51537    
124    418    51832    
125    417    52125    
126    416    52416    
127    415    52705    
128    415    53120    
